loss: 0.3749510943889618
tp: 39.0
fp: 51.0
tn: 336.0
fn: 9.0
accuracy: 0.8620689511299133
precision: 0.4333333373069763
recall: 0.8125
auc: 0.9130598306655884
prc: 0.4596020579338074
